849019002738452
267398949180820
283763001087424
1020229309396420
204037782513378
1082108649794050
688492656526609
1065087661531570
895080818643342
512636450889209
616164650674018
358241915666218
1799721817140320
709357377939207
1103827794143800
310493640136242
687209256914410
1076965526191540
618999810039808
1531568417644740
628670126058435
1275001926531010
1601512493550290
947083346411109
952715099613537
1045437533103590
1451976115361230
934255448116615
1504959446915220
25214949261482700
5827489080688920
215742661448578
244567791274472
1001922554181430
1289729778572220
910516160231981
2631995936952620
309524624849911
375257211508876
254482850877615
261954576904434
223118977290556
1427583767990300
127020627145913
769634943434570
516519442219268
2026368277762600
848510920147981
315662718012455
840383517741006
6773351802790450
275454851595925
3784596931815630
624978599731384
1313245949555230
966338611164944
872785260876705
885635586293986
1572844496804790
709691531045493
941917533728857
916688746715835
1312215579678850
174107872329597
268060425740056
627849675968949
409740324865887
1518970642053150
6703685083028140
825900972211220
645003393764373
1178070626884750
254934114286425
1041298727322860
786271419972620
1601931673722690
1506974230098310
221641120999814
367995415800809
303564815698154
827387315442938
1499889187443220
6572281549522310
3477790819172300
1355898388144570
1078912503545500
303008932555689
333801492652722
732652925439597
803128261359360
2128637437476970
326780277050949
2094325087565770
662350885911893
7099500940082250
1357727581870920
1350452705603010
845926033909004
361402246564659
1928470630931250
625107606482535
890593745790173
1054800925761680
361402246564659
182080161535410
718596253121198
2292236544498670
7126547430722820
1015264889476650
2642666879217010
136877789477727
1116069606270720
1565601323568940
1136797280807160
3707752276180140
395406052957583
590673059871052
360342329811111
3802423883337630
249780474780136
1354861592128660
853104536369826
632899892145771
249780474780136
489535303966315
579588594457018
848477230557999
816449233338577
1871108176719400
2555108327981080
1717031035221390
659528152180227
1490969328395570
354695537537630
222420804079905
235319609414949
3630922447174200
964636651274391
1445970339513700
9473700686037720
1352218186153190
379971321106052
656820743043810
1083264709587540
829549075406749
